{
 "cells": [
  {
   "cell_type": "markdown",
   "metadata": {},
   "source": [
    "<h1><center> Le taux d'attrition des employés qu'est-ce que c'est ?</center></h1>"
   ]
  },
  {
   "cell_type": "markdown",
   "metadata": {},
   "source": [
    "\n",
    "\n",
    "<div style=\"width:100%;text-align: center;\"> <img align=middle src=\"https://media0.giphy.com/media/Q6l0us2sAAAiL9RMnP/giphy.gif\"  width=\"500\"> </div>\n"
   ]
  },
  {
   "cell_type": "markdown",
   "metadata": {},
   "source": [
    "Le taux d'attrition c'est la diminution ou perte d'une quantité de personnes sur un ensemble donné et une période délimitée.\n",
    "C'est un indicateur qui sert à mesurer le niveau de perte de clientèle ou d'abonnés à un produit, un service ou une marque.\n",
    "\n",
    "Cet indicateur est donc plutôt orienté consommateurs mais il arrive d’entendre parler du taux d’attrition des effectifs d’une entreprise. Dans ce cas, il s’agit de la perte, naturelle ou non, de salariés due, par exemple, à des décès, départs en retraite ou à un taux d’usure trop élevé. Il se mesure généralement de façon annuelle et se calcule de la manière suivante :\n",
    "\n",
    "Taux d’attrition = (Nombre de clients ou employés perdus / Nombre total de clients ou employés au début de la période) x 100"
   ]
  },
  {
   "cell_type": "markdown",
   "metadata": {},
   "source": [
    "## Étape #1 : Mettre en place son environnement"
   ]
  },
  {
   "cell_type": "markdown",
   "metadata": {},
   "source": [
    "- Tout d'abord, nous devons importer pandas pour lire le fichier CSV."
   ]
  },
  {
   "cell_type": "code",
   "execution_count": 6,
   "metadata": {
    "execution": {
     "iopub.execute_input": "2022-02-26T16:08:11.729009Z",
     "iopub.status.busy": "2022-02-26T16:08:11.728774Z",
     "iopub.status.idle": "2022-02-26T16:08:11.754711Z",
     "shell.execute_reply": "2022-02-26T16:08:11.754006Z",
     "shell.execute_reply.started": "2022-02-26T16:08:11.728944Z"
    }
   },
   "outputs": [],
   "source": [
    "\n",
    "# enlever # au début des trois lignes de code (enlever le commentaire)\n",
    "\n",
    "#À FAIRE\n",
    "\n",
    "# import pandas as pd\n",
    "# from pandas_profiling import ProfileReport\n",
    "# from pycaret.classification import *\n",
    "\n"
   ]
  },
  {
   "cell_type": "markdown",
   "metadata": {},
   "source": [
    "## Étape #2 : Charger et Analyser les données"
   ]
  },
  {
   "cell_type": "code",
   "execution_count": 7,
   "metadata": {
    "execution": {
     "iopub.execute_input": "2022-02-26T16:08:11.756527Z",
     "iopub.status.busy": "2022-02-26T16:08:11.756287Z",
     "iopub.status.idle": "2022-02-26T16:08:11.806070Z",
     "shell.execute_reply": "2022-02-26T16:08:11.805396Z",
     "shell.execute_reply.started": "2022-02-26T16:08:11.756494Z"
    }
   },
   "outputs": [],
   "source": [
    "\n",
    "# Lire le fichier IBM_employee_attrition.csv\n",
    "# Remplacer les ... par ton code. Ne pas oublier d'enlever # au début de la ligne\n",
    "\n",
    "#À FAIRE\n",
    "# data = ...  \n",
    "\n",
    "# Afficher les 5 premières lignes du dataframe data\n",
    "\n",
    "#À FAIRE\n",
    "# une ligne de code  "
   ]
  },
  {
   "cell_type": "markdown",
   "metadata": {},
   "source": [
    "## Étape #3 : Préparer les données## Analyse exploratoire "
   ]
  },
  {
   "cell_type": "code",
   "execution_count": 8,
   "metadata": {
    "execution": {
     "iopub.execute_input": "2022-02-26T16:08:11.809698Z",
     "iopub.status.busy": "2022-02-26T16:08:11.808446Z",
     "iopub.status.idle": "2022-02-26T16:08:11.823910Z",
     "shell.execute_reply": "2022-02-26T16:08:11.822815Z",
     "shell.execute_reply.started": "2022-02-26T16:08:11.809662Z"
    }
   },
   "outputs": [],
   "source": [
    "# Vérifier si les colonnes contiennent des valeurs null. \n",
    "#Conseil: utiliser la fonction isnull() et sum()\n",
    "\n",
    "#À FAIRE\n",
    "# une ligne de code  "
   ]
  },
  {
   "cell_type": "code",
   "execution_count": 9,
   "metadata": {
    "execution": {
     "iopub.execute_input": "2022-02-26T16:08:11.827386Z",
     "iopub.status.busy": "2022-02-26T16:08:11.827104Z",
     "iopub.status.idle": "2022-02-26T16:08:13.647625Z",
     "shell.execute_reply": "2022-02-26T16:08:13.646923Z",
     "shell.execute_reply.started": "2022-02-26T16:08:11.827358Z"
    }
   },
   "outputs": [],
   "source": [
    "#Importer ProfileReport de la biliothèque pandas_profiling\n",
    "\n",
    "#À FAIRE\n",
    "# une ligne de code  "
   ]
  },
  {
   "cell_type": "markdown",
   "metadata": {},
   "source": [
    "Profile Report permet d'effectuer une analyse exploratoire rapide avec simplement une ligne de code"
   ]
  },
  {
   "cell_type": "code",
   "execution_count": 10,
   "metadata": {
    "execution": {
     "iopub.execute_input": "2022-02-26T16:08:13.649697Z",
     "iopub.status.busy": "2022-02-26T16:08:13.649193Z",
     "iopub.status.idle": "2022-02-26T16:08:13.681523Z",
     "shell.execute_reply": "2022-02-26T16:08:13.680901Z",
     "shell.execute_reply.started": "2022-02-26T16:08:13.649658Z"
    }
   },
   "outputs": [],
   "source": [
    "# Remplacer les ... par ton code. Ne pas oublier d'enlever # au début de la ligne\n",
    "#Conseil: Mettre l'argument minimal=True pour accélérer l'exécution\n",
    "\n",
    "#À FAIRE\n",
    "#profile = ...  "
   ]
  },
  {
   "cell_type": "markdown",
   "metadata": {},
   "source": [
    "Nous pouvons facilement observer grâce à Profile Report quelles sont les principaux problèmes du dataset.\n",
    "Nous pouvons sortir énormement d'informations en une seule ligne de code grâce à Pandas Profile Report \n",
    "\n"
   ]
  },
  {
   "cell_type": "code",
   "execution_count": 11,
   "metadata": {
    "execution": {
     "iopub.execute_input": "2022-02-26T16:08:28.921769Z",
     "iopub.status.busy": "2022-02-26T16:08:28.921525Z",
     "iopub.status.idle": "2022-02-26T16:08:28.937398Z",
     "shell.execute_reply": "2022-02-26T16:08:28.936782Z",
     "shell.execute_reply.started": "2022-02-26T16:08:28.921738Z"
    }
   },
   "outputs": [],
   "source": [
    "# Chercher les colonnes qui sont des constantes.\n",
    "\n",
    "#À FAIRE\n",
    "# une ligne de code  "
   ]
  },
  {
   "cell_type": "code",
   "execution_count": 12,
   "metadata": {
    "execution": {
     "iopub.execute_input": "2022-02-26T16:08:28.939108Z",
     "iopub.status.busy": "2022-02-26T16:08:28.938695Z",
     "iopub.status.idle": "2022-02-26T16:08:28.944202Z",
     "shell.execute_reply": "2022-02-26T16:08:28.943547Z",
     "shell.execute_reply.started": "2022-02-26T16:08:28.939073Z"
    }
   },
   "outputs": [],
   "source": [
    "#Supprimer du dataframe les colonnes 'EmployeeCount', 'Over18','StandardHours'\n",
    "# Remplacer les ... par ton code. Ne pas oublier d'enlever # au début de la ligne\n",
    "\n",
    "#À FAIRE\n",
    "#data= .... "
   ]
  },
  {
   "cell_type": "code",
   "execution_count": 13,
   "metadata": {
    "execution": {
     "iopub.execute_input": "2022-02-26T16:08:28.946066Z",
     "iopub.status.busy": "2022-02-26T16:08:28.945662Z",
     "iopub.status.idle": "2022-02-26T16:08:28.954837Z",
     "shell.execute_reply": "2022-02-26T16:08:28.953920Z",
     "shell.execute_reply.started": "2022-02-26T16:08:28.946034Z"
    }
   },
   "outputs": [],
   "source": [
    "# Afficher la forme du dataframe\n",
    "\n",
    "#À FAIRE\n",
    "# une ligne de code  "
   ]
  },
  {
   "cell_type": "code",
   "execution_count": 14,
   "metadata": {
    "execution": {
     "iopub.execute_input": "2022-02-26T16:08:28.959010Z",
     "iopub.status.busy": "2022-02-26T16:08:28.958339Z",
     "iopub.status.idle": "2022-02-26T16:08:28.972286Z",
     "shell.execute_reply": "2022-02-26T16:08:28.971547Z",
     "shell.execute_reply.started": "2022-02-26T16:08:28.958956Z"
    }
   },
   "outputs": [],
   "source": [
    "# Afficher la liste des colonnes du dataframe\n",
    "\n",
    "#À FAIRE\n",
    "# une ligne de code  "
   ]
  },
  {
   "cell_type": "markdown",
   "metadata": {},
   "source": [
    "Cette Dataframe contient 1470 lignes et 35 colonnes. \n",
    "Nous avons donc 35 variables concernant les employés qui peuvent induire l'attrition. \n"
   ]
  },
  {
   "cell_type": "markdown",
   "metadata": {},
   "source": [
    "## Etape #4 Bonus : Effectuer une analyse exploratoire avec plotly "
   ]
  },
  {
   "cell_type": "code",
   "execution_count": 11,
   "metadata": {
    "execution": {
     "iopub.execute_input": "2022-02-26T16:08:28.973845Z",
     "iopub.status.busy": "2022-02-26T16:08:28.973482Z",
     "iopub.status.idle": "2022-02-26T16:08:31.290544Z",
     "shell.execute_reply": "2022-02-26T16:08:31.289796Z",
     "shell.execute_reply.started": "2022-02-26T16:08:28.973805Z"
    }
   },
   "outputs": [],
   "source": [
    "# enlever # au début de la ligne de code (enlever le commentaire)\n",
    "\n",
    "#À FAIRE\n",
    "#import plotly.express as px"
   ]
  },
  {
   "cell_type": "code",
   "execution_count": 12,
   "metadata": {
    "execution": {
     "iopub.execute_input": "2022-02-26T16:08:31.292151Z",
     "iopub.status.busy": "2022-02-26T16:08:31.291907Z",
     "iopub.status.idle": "2022-02-26T16:08:32.110981Z",
     "shell.execute_reply": "2022-02-26T16:08:32.109411Z",
     "shell.execute_reply.started": "2022-02-26T16:08:31.292117Z"
    }
   },
   "outputs": [
    {
     "data": {
      "text/html": [
       "        <script type=\"text/javascript\">\n",
       "        window.PlotlyConfig = {MathJaxConfig: 'local'};\n",
       "        if (window.MathJax) {MathJax.Hub.Config({SVG: {font: \"STIX-Web\"}});}\n",
       "        if (typeof require !== 'undefined') {\n",
       "        require.undef(\"plotly\");\n",
       "        requirejs.config({\n",
       "            paths: {\n",
       "                'plotly': ['https://cdn.plot.ly/plotly-2.8.3.min']\n",
       "            }\n",
       "        });\n",
       "        require(['plotly'], function(Plotly) {\n",
       "            window._Plotly = Plotly;\n",
       "        });\n",
       "        }\n",
       "        </script>\n",
       "        "
      ]
     },
     "metadata": {},
     "output_type": "display_data"
    },
    {
     "data": {
      "text/html": [
       "<div>                            <div id=\"acadc42c-f2ed-4d50-bf5e-3dabf3131586\" class=\"plotly-graph-div\" style=\"height:525px; width:100%;\"></div>            <script type=\"text/javascript\">                require([\"plotly\"], function(Plotly) {                    window.PLOTLYENV=window.PLOTLYENV || {};                                    if (document.getElementById(\"acadc42c-f2ed-4d50-bf5e-3dabf3131586\")) {                    Plotly.newPlot(                        \"acadc42c-f2ed-4d50-bf5e-3dabf3131586\",                        [{\"coloraxis\":\"coloraxis\",\"name\":\"0\",\"x\":[\"Age\",\"DailyRate\",\"DistanceFromHome\",\"Education\",\"EmployeeNumber\",\"EnvironmentSatisfaction\",\"HourlyRate\",\"JobInvolvement\",\"JobLevel\",\"JobSatisfaction\",\"MonthlyIncome\",\"MonthlyRate\",\"NumCompaniesWorked\",\"PercentSalaryHike\",\"PerformanceRating\",\"RelationshipSatisfaction\",\"StockOptionLevel\",\"TotalWorkingYears\",\"TrainingTimesLastYear\",\"WorkLifeBalance\",\"YearsAtCompany\",\"YearsInCurrentRole\",\"YearsSinceLastPromotion\",\"YearsWithCurrManager\"],\"y\":[\"Age\",\"DailyRate\",\"DistanceFromHome\",\"Education\",\"EmployeeNumber\",\"EnvironmentSatisfaction\",\"HourlyRate\",\"JobInvolvement\",\"JobLevel\",\"JobSatisfaction\",\"MonthlyIncome\",\"MonthlyRate\",\"NumCompaniesWorked\",\"PercentSalaryHike\",\"PerformanceRating\",\"RelationshipSatisfaction\",\"StockOptionLevel\",\"TotalWorkingYears\",\"TrainingTimesLastYear\",\"WorkLifeBalance\",\"YearsAtCompany\",\"YearsInCurrentRole\",\"YearsSinceLastPromotion\",\"YearsWithCurrManager\"],\"z\":[[1.0,0.010660942645538433,-0.00168612014808715,0.2080337310142398,-0.0101454670768599,0.010146427861437268,0.024286542550967197,0.029819958629590578,0.5096042284323842,-0.00489187714868713,0.4978545669265801,0.02805116713392273,0.2996347579836926,0.0036335849148618872,0.0019038955127587383,0.053534719671229365,0.037509712424777526,0.6803805357911985,-0.01962081894269849,-0.021490027957098715,0.3113087697450989,0.21290105556556793,0.2165133678516537,0.20208860237515264],[0.010660942645538433,1.0,-0.00498533735255263,-0.01680643320915763,-0.05099043365447757,0.018354854300385557,0.023381421528320526,0.04613487399781112,0.0029663348551116197,0.030571007837143983,0.007707058872006053,-0.03218160152258194,0.0381534342794098,0.022703677496334968,0.00047329632718855213,0.007846030957248387,0.04214279637720667,0.014514738706320902,0.002452542712083144,-0.03784805100578179,-0.03405476756854742,0.009932014960094215,-0.033228984787772024,-0.026363178228837676],[-0.00168612014808715,-0.00498533735255263,1.0,0.021041825624123392,0.032916407199243845,-0.016075326996493524,0.03113058561176572,0.008783279886444255,0.005302730554496216,-0.0036688391677205793,-0.017014444745275862,0.02747286354888413,-0.029250804197293017,0.040235377459193075,0.027109618481976,0.006557474646578779,0.04487199885318152,0.004628425863783857,-0.036942234339915794,-0.02655600410656903,0.009507719899011289,0.018844999108945746,0.010028835943115395,0.014406048430630005],[0.2080337310142398,-0.01680643320915763,0.021041825624123392,1.0,0.042070093029327675,-0.027128313256511792,0.01677482888096076,0.042437634318607954,0.10158888624850043,-0.011296116736574002,0.09496067704188883,-0.026084197160047493,0.12631656017668452,-0.011110940860654192,-0.024538791164833557,-0.009118376696381533,0.018422220204016834,0.1482796965388733,-0.025100241137933348,0.00981918930978191,0.06911369603133866,0.06023555412069576,0.054254333591320224,0.06906537825528458],[-0.0101454670768599,-0.05099043365447757,0.032916407199243845,0.042070093029327675,1.0,0.017620802485586586,0.035179212418708077,-0.0068879229870375,-0.018519193974227376,-0.04624673493941775,-0.01482851587378469,0.012648229168461627,-0.0012510320398018396,-0.012943995546151714,-0.02035882514695762,-0.06986141146763755,0.06222669251362305,-0.014365198461301121,0.023603169591926734,0.010308641437965905,-0.011240463708114047,-0.008416311998425954,-0.009019064206633414,-0.009196645292770315],[0.010146427861437268,0.018354854300385557,-0.016075326996493524,-0.027128313256511792,0.017620802485586586,1.0,-0.04985695620300066,-0.008277598171759099,0.001211699448913883,-0.006784352599075007,-0.0062590877547801654,0.037599622865715374,0.012594323218943297,-0.031701195241792046,-0.02954795229768088,0.007665383541074558,0.0034321577550574162,-0.002693070388534207,-0.01935930834713247,0.027627295460115428,0.0014575491911164862,0.01800746014287853,0.016193605568453326,-0.004998722628107581],[0.024286542550967197,0.023381421528320526,0.03113058561176572,0.01677482888096076,0.035179212418708077,-0.04985695620300066,1.0,0.04286064097152976,-0.027853486405547218,-0.07133462437378787,-0.015794304380892982,-0.015296749550649661,0.02215688339019683,-0.00906198625374016,-0.002171697427810162,0.0013304527859508606,0.050263399065119486,-0.002333681823322269,-0.008547685209270649,-0.004607233750264554,-0.019581616209121275,-0.02410622020878498,-0.02671558606433524,-0.020123200184066006],[0.029819958629590578,0.04613487399781112,0.008783279886444255,0.042437634318607954,-0.0068879229870375,-0.008277598171759099,0.04286064097152976,1.0,-0.012629882671190631,-0.021475910335306454,-0.015271490778732832,-0.016322079053317298,0.015012413243110999,-0.017204572244480378,-0.029071333439069817,0.034296820611197744,0.021522640378023858,-0.0055331820574074635,-0.015337825759429116,-0.014616593162761865,-0.021355426979629725,0.00871696349761169,-0.024184292365179074,0.025975807949088936],[0.5096042284323842,0.0029663348551116197,0.005302730554496216,0.10158888624850043,-0.018519193974227376,0.001211699448913883,-0.027853486405547218,-0.012629882671190631,1.0,-0.0019437080267456581,0.9502999134798473,0.03956295104568388,0.1425011238104873,-0.03473049227941817,-0.021222082108857152,0.021641510532591595,0.013983910528615457,0.7822078045362748,-0.018190550193549416,0.037817745596666404,0.5347386873756308,0.3894467328766705,0.3538853469641021,0.37528060776572636],[-0.00489187714868713,0.030571007837143983,-0.0036688391677205793,-0.011296116736574002,-0.04624673493941775,-0.006784352599075007,-0.07133462437378787,-0.021475910335306454,-0.0019437080267456581,1.0,-0.00715674235591272,0.0006439169427037768,-0.05569942601274605,0.020002039364081927,0.0022971970637806114,-0.012453593161926702,0.010690226120755746,-0.020185072685016788,-0.005779334958609115,-0.01945871021297396,-0.0038026279482880534,-0.002304785229830135,-0.01821356781019079,-0.027656213884289974],[0.4978545669265801,0.007707058872006053,-0.017014444745275862,0.09496067704188883,-0.01482851587378469,-0.0062590877547801654,-0.015794304380892982,-0.015271490778732832,0.9502999134798473,-0.00715674235591272,1.0,0.034813626134121846,0.14951521598969805,-0.02726858644031447,-0.01712013823739077,0.025873436137557656,0.005407676696812238,0.7728932462543574,-0.02173627682389331,0.030683081556940557,0.5142848257331957,0.3638176669287084,0.3449776381654271,0.34407888325872127],[0.02805116713392273,-0.03218160152258194,0.02747286354888413,-0.026084197160047493,0.012648229168461627,0.037599622865715374,-0.015296749550649661,-0.016322079053317298,0.03956295104568388,0.0006439169427037768,0.034813626134121846,1.0,0.017521353415571563,-0.006429345946711407,-0.00981142848936084,-0.004085329337519686,-0.034322830206660805,0.026442471176015385,0.0014668806322858448,0.007963157516977033,-0.023655106706177275,-0.012814874370471728,0.001566799514676175,-0.036745905336769386],[0.2996347579836926,0.0381534342794098,-0.029250804197293017,0.12631656017668452,-0.0012510320398018396,0.012594323218943297,0.02215688339019683,0.015012413243110999,0.1425011238104873,-0.05569942601274605,0.14951521598969805,0.017521353415571563,1.0,-0.010238309359925521,-0.014094872753535133,0.05273304856488617,0.030075475096897484,0.23763858978479552,-0.06605407172783646,-0.008365684790058631,-0.11842134024259104,-0.0907539337008081,-0.03681389238350808,-0.11031915543773241],[0.0036335849148618872,0.022703677496334968,0.040235377459193075,-0.011110940860654192,-0.012943995546151714,-0.031701195241792046,-0.00906198625374016,-0.017204572244480378,-0.03473049227941817,0.020002039364081927,-0.02726858644031447,-0.006429345946711407,-0.010238309359925521,1.0,0.7735499964012664,-0.04049008105707734,0.0075277478205202026,-0.020608487617691264,-0.005221012351721004,-0.0032796360093680704,-0.03599126243195373,-0.0015200265442777774,-0.022154312598866126,-0.01198524847236139],[0.0019038955127587383,0.00047329632718855213,0.027109618481976,-0.024538791164833557,-0.02035882514695762,-0.02954795229768088,-0.002171697427810162,-0.029071333439069817,-0.021222082108857152,0.0022971970637806114,-0.01712013823739077,-0.00981142848936084,-0.014094872753535133,0.7735499964012664,1.0,-0.031351455442454886,0.003506471614809783,0.0067436679059531685,-0.015578881739137565,0.002572361317682639,0.0034351261159238713,0.034986260407194936,0.017896066144799785,0.022827168908479807],[0.053534719671229365,0.007846030957248387,0.006557474646578779,-0.009118376696381533,-0.06986141146763755,0.007665383541074558,0.0013304527859508606,0.034296820611197744,0.021641510532591595,-0.012453593161926702,0.025873436137557656,-0.004085329337519686,0.05273304856488617,-0.04049008105707734,-0.031351455442454886,1.0,-0.045952490716561906,0.02405429182134145,0.002496526392116996,0.01960440570396871,0.019366786877455463,-0.015122914881937748,0.033492502069354176,-0.0008674968446256695],[0.037509712424777526,0.04214279637720667,0.04487199885318152,0.018422220204016834,0.06222669251362305,0.0034321577550574162,0.050263399065119486,0.021522640378023858,0.013983910528615457,0.010690226120755746,0.005407676696812238,-0.034322830206660805,0.030075475096897484,0.0075277478205202026,0.003506471614809783,-0.045952490716561906,1.0,0.010135969318901629,0.011274069611249207,0.004128730002871338,0.015058008028094509,0.050817872753931646,0.01435218486435548,0.02469822656303012],[0.6803805357911985,0.014514738706320902,0.004628425863783857,0.1482796965388733,-0.014365198461301121,-0.002693070388534207,-0.002333681823322269,-0.0055331820574074635,0.7822078045362748,-0.020185072685016788,0.7728932462543574,0.026442471176015385,0.23763858978479552,-0.020608487617691264,0.0067436679059531685,0.02405429182134145,0.010135969318901629,1.0,-0.03566157127961907,0.0010076456218964924,0.6281331552682468,0.46036463801180993,0.4048577585025587,0.45918839708314385],[-0.01962081894269849,0.002452542712083144,-0.036942234339915794,-0.025100241137933348,0.023603169591926734,-0.01935930834713247,-0.008547685209270649,-0.015337825759429116,-0.018190550193549416,-0.005779334958609115,-0.02173627682389331,0.0014668806322858448,-0.06605407172783646,-0.005221012351721004,-0.015578881739137565,0.002496526392116996,0.011274069611249207,-0.03566157127961907,1.0,0.02807220660362872,0.003568665678427449,-0.0057375043379568925,-0.0020665360380059438,-0.004095526021226202],[-0.021490027957098715,-0.03784805100578179,-0.02655600410656903,0.00981918930978191,0.010308641437965905,0.027627295460115428,-0.004607233750264554,-0.014616593162761865,0.037817745596666404,-0.01945871021297396,0.030683081556940557,0.007963157516977033,-0.008365684790058631,-0.0032796360093680704,0.002572361317682639,0.01960440570396871,0.004128730002871338,0.0010076456218964924,0.02807220660362872,1.0,0.012089185354581315,0.04985649792220436,0.008941249141234323,0.002759440242340428],[0.3113087697450989,-0.03405476756854742,0.009507719899011289,0.06911369603133866,-0.011240463708114047,0.0014575491911164862,-0.019581616209121275,-0.021355426979629725,0.5347386873756308,-0.0038026279482880534,0.5142848257331957,-0.023655106706177275,-0.11842134024259104,-0.03599126243195373,0.0034351261159238713,0.019366786877455463,0.015058008028094509,0.6281331552682468,0.003568665678427449,0.012089185354581315,1.0,0.7587537366134619,0.6184088652176047,0.7692124251007031],[0.21290105556556793,0.009932014960094215,0.018844999108945746,0.06023555412069576,-0.008416311998425954,0.01800746014287853,-0.02410622020878498,0.00871696349761169,0.3894467328766705,-0.002304785229830135,0.3638176669287084,-0.012814874370471728,-0.0907539337008081,-0.0015200265442777774,0.034986260407194936,-0.015122914881937748,0.050817872753931646,0.46036463801180993,-0.0057375043379568925,0.04985649792220436,0.7587537366134619,1.0,0.5480562476995187,0.7143647616385931],[0.2165133678516537,-0.033228984787772024,0.010028835943115395,0.054254333591320224,-0.009019064206633414,0.016193605568453326,-0.02671558606433524,-0.024184292365179074,0.3538853469641021,-0.01821356781019079,0.3449776381654271,0.001566799514676175,-0.03681389238350808,-0.022154312598866126,0.017896066144799785,0.033492502069354176,0.01435218486435548,0.4048577585025587,-0.0020665360380059438,0.008941249141234323,0.6184088652176047,0.5480562476995187,1.0,0.5102236357788085],[0.20208860237515264,-0.026363178228837676,0.014406048430630005,0.06906537825528458,-0.009196645292770315,-0.004998722628107581,-0.020123200184066006,0.025975807949088936,0.37528060776572636,-0.027656213884289974,0.34407888325872127,-0.036745905336769386,-0.11031915543773241,-0.01198524847236139,0.022827168908479807,-0.0008674968446256695,0.02469822656303012,0.45918839708314385,-0.004095526021226202,0.002759440242340428,0.7692124251007031,0.7143647616385931,0.5102236357788085,1.0]],\"type\":\"heatmap\",\"xaxis\":\"x\",\"yaxis\":\"y\",\"hovertemplate\":\"x: %{x}<br>y: %{y}<br>color: %{z}<extra></extra>\"}],                        {\"template\":{\"data\":{\"bar\":[{\"error_x\":{\"color\":\"#2a3f5f\"},\"error_y\":{\"color\":\"#2a3f5f\"},\"marker\":{\"line\":{\"color\":\"#E5ECF6\",\"width\":0.5},\"pattern\":{\"fillmode\":\"overlay\",\"size\":10,\"solidity\":0.2}},\"type\":\"bar\"}],\"barpolar\":[{\"marker\":{\"line\":{\"color\":\"#E5ECF6\",\"width\":0.5},\"pattern\":{\"fillmode\":\"overlay\",\"size\":10,\"solidity\":0.2}},\"type\":\"barpolar\"}],\"carpet\":[{\"aaxis\":{\"endlinecolor\":\"#2a3f5f\",\"gridcolor\":\"white\",\"linecolor\":\"white\",\"minorgridcolor\":\"white\",\"startlinecolor\":\"#2a3f5f\"},\"baxis\":{\"endlinecolor\":\"#2a3f5f\",\"gridcolor\":\"white\",\"linecolor\":\"white\",\"minorgridcolor\":\"white\",\"startlinecolor\":\"#2a3f5f\"},\"type\":\"carpet\"}],\"choropleth\":[{\"colorbar\":{\"outlinewidth\":0,\"ticks\":\"\"},\"type\":\"choropleth\"}],\"contour\":[{\"colorbar\":{\"outlinewidth\":0,\"ticks\":\"\"},\"colorscale\":[[0.0,\"#0d0887\"],[0.1111111111111111,\"#46039f\"],[0.2222222222222222,\"#7201a8\"],[0.3333333333333333,\"#9c179e\"],[0.4444444444444444,\"#bd3786\"],[0.5555555555555556,\"#d8576b\"],[0.6666666666666666,\"#ed7953\"],[0.7777777777777778,\"#fb9f3a\"],[0.8888888888888888,\"#fdca26\"],[1.0,\"#f0f921\"]],\"type\":\"contour\"}],\"contourcarpet\":[{\"colorbar\":{\"outlinewidth\":0,\"ticks\":\"\"},\"type\":\"contourcarpet\"}],\"heatmap\":[{\"colorbar\":{\"outlinewidth\":0,\"ticks\":\"\"},\"colorscale\":[[0.0,\"#0d0887\"],[0.1111111111111111,\"#46039f\"],[0.2222222222222222,\"#7201a8\"],[0.3333333333333333,\"#9c179e\"],[0.4444444444444444,\"#bd3786\"],[0.5555555555555556,\"#d8576b\"],[0.6666666666666666,\"#ed7953\"],[0.7777777777777778,\"#fb9f3a\"],[0.8888888888888888,\"#fdca26\"],[1.0,\"#f0f921\"]],\"type\":\"heatmap\"}],\"heatmapgl\":[{\"colorbar\":{\"outlinewidth\":0,\"ticks\":\"\"},\"colorscale\":[[0.0,\"#0d0887\"],[0.1111111111111111,\"#46039f\"],[0.2222222222222222,\"#7201a8\"],[0.3333333333333333,\"#9c179e\"],[0.4444444444444444,\"#bd3786\"],[0.5555555555555556,\"#d8576b\"],[0.6666666666666666,\"#ed7953\"],[0.7777777777777778,\"#fb9f3a\"],[0.8888888888888888,\"#fdca26\"],[1.0,\"#f0f921\"]],\"type\":\"heatmapgl\"}],\"histogram\":[{\"marker\":{\"pattern\":{\"fillmode\":\"overlay\",\"size\":10,\"solidity\":0.2}},\"type\":\"histogram\"}],\"histogram2d\":[{\"colorbar\":{\"outlinewidth\":0,\"ticks\":\"\"},\"colorscale\":[[0.0,\"#0d0887\"],[0.1111111111111111,\"#46039f\"],[0.2222222222222222,\"#7201a8\"],[0.3333333333333333,\"#9c179e\"],[0.4444444444444444,\"#bd3786\"],[0.5555555555555556,\"#d8576b\"],[0.6666666666666666,\"#ed7953\"],[0.7777777777777778,\"#fb9f3a\"],[0.8888888888888888,\"#fdca26\"],[1.0,\"#f0f921\"]],\"type\":\"histogram2d\"}],\"histogram2dcontour\":[{\"colorbar\":{\"outlinewidth\":0,\"ticks\":\"\"},\"colorscale\":[[0.0,\"#0d0887\"],[0.1111111111111111,\"#46039f\"],[0.2222222222222222,\"#7201a8\"],[0.3333333333333333,\"#9c179e\"],[0.4444444444444444,\"#bd3786\"],[0.5555555555555556,\"#d8576b\"],[0.6666666666666666,\"#ed7953\"],[0.7777777777777778,\"#fb9f3a\"],[0.8888888888888888,\"#fdca26\"],[1.0,\"#f0f921\"]],\"type\":\"histogram2dcontour\"}],\"mesh3d\":[{\"colorbar\":{\"outlinewidth\":0,\"ticks\":\"\"},\"type\":\"mesh3d\"}],\"parcoords\":[{\"line\":{\"colorbar\":{\"outlinewidth\":0,\"ticks\":\"\"}},\"type\":\"parcoords\"}],\"pie\":[{\"automargin\":true,\"type\":\"pie\"}],\"scatter\":[{\"marker\":{\"colorbar\":{\"outlinewidth\":0,\"ticks\":\"\"}},\"type\":\"scatter\"}],\"scatter3d\":[{\"line\":{\"colorbar\":{\"outlinewidth\":0,\"ticks\":\"\"}},\"marker\":{\"colorbar\":{\"outlinewidth\":0,\"ticks\":\"\"}},\"type\":\"scatter3d\"}],\"scattercarpet\":[{\"marker\":{\"colorbar\":{\"outlinewidth\":0,\"ticks\":\"\"}},\"type\":\"scattercarpet\"}],\"scattergeo\":[{\"marker\":{\"colorbar\":{\"outlinewidth\":0,\"ticks\":\"\"}},\"type\":\"scattergeo\"}],\"scattergl\":[{\"marker\":{\"colorbar\":{\"outlinewidth\":0,\"ticks\":\"\"}},\"type\":\"scattergl\"}],\"scattermapbox\":[{\"marker\":{\"colorbar\":{\"outlinewidth\":0,\"ticks\":\"\"}},\"type\":\"scattermapbox\"}],\"scatterpolar\":[{\"marker\":{\"colorbar\":{\"outlinewidth\":0,\"ticks\":\"\"}},\"type\":\"scatterpolar\"}],\"scatterpolargl\":[{\"marker\":{\"colorbar\":{\"outlinewidth\":0,\"ticks\":\"\"}},\"type\":\"scatterpolargl\"}],\"scatterternary\":[{\"marker\":{\"colorbar\":{\"outlinewidth\":0,\"ticks\":\"\"}},\"type\":\"scatterternary\"}],\"surface\":[{\"colorbar\":{\"outlinewidth\":0,\"ticks\":\"\"},\"colorscale\":[[0.0,\"#0d0887\"],[0.1111111111111111,\"#46039f\"],[0.2222222222222222,\"#7201a8\"],[0.3333333333333333,\"#9c179e\"],[0.4444444444444444,\"#bd3786\"],[0.5555555555555556,\"#d8576b\"],[0.6666666666666666,\"#ed7953\"],[0.7777777777777778,\"#fb9f3a\"],[0.8888888888888888,\"#fdca26\"],[1.0,\"#f0f921\"]],\"type\":\"surface\"}],\"table\":[{\"cells\":{\"fill\":{\"color\":\"#EBF0F8\"},\"line\":{\"color\":\"white\"}},\"header\":{\"fill\":{\"color\":\"#C8D4E3\"},\"line\":{\"color\":\"white\"}},\"type\":\"table\"}]},\"layout\":{\"annotationdefaults\":{\"arrowcolor\":\"#2a3f5f\",\"arrowhead\":0,\"arrowwidth\":1},\"autotypenumbers\":\"strict\",\"coloraxis\":{\"colorbar\":{\"outlinewidth\":0,\"ticks\":\"\"}},\"colorscale\":{\"diverging\":[[0,\"#8e0152\"],[0.1,\"#c51b7d\"],[0.2,\"#de77ae\"],[0.3,\"#f1b6da\"],[0.4,\"#fde0ef\"],[0.5,\"#f7f7f7\"],[0.6,\"#e6f5d0\"],[0.7,\"#b8e186\"],[0.8,\"#7fbc41\"],[0.9,\"#4d9221\"],[1,\"#276419\"]],\"sequential\":[[0.0,\"#0d0887\"],[0.1111111111111111,\"#46039f\"],[0.2222222222222222,\"#7201a8\"],[0.3333333333333333,\"#9c179e\"],[0.4444444444444444,\"#bd3786\"],[0.5555555555555556,\"#d8576b\"],[0.6666666666666666,\"#ed7953\"],[0.7777777777777778,\"#fb9f3a\"],[0.8888888888888888,\"#fdca26\"],[1.0,\"#f0f921\"]],\"sequentialminus\":[[0.0,\"#0d0887\"],[0.1111111111111111,\"#46039f\"],[0.2222222222222222,\"#7201a8\"],[0.3333333333333333,\"#9c179e\"],[0.4444444444444444,\"#bd3786\"],[0.5555555555555556,\"#d8576b\"],[0.6666666666666666,\"#ed7953\"],[0.7777777777777778,\"#fb9f3a\"],[0.8888888888888888,\"#fdca26\"],[1.0,\"#f0f921\"]]},\"colorway\":[\"#636efa\",\"#EF553B\",\"#00cc96\",\"#ab63fa\",\"#FFA15A\",\"#19d3f3\",\"#FF6692\",\"#B6E880\",\"#FF97FF\",\"#FECB52\"],\"font\":{\"color\":\"#2a3f5f\"},\"geo\":{\"bgcolor\":\"white\",\"lakecolor\":\"white\",\"landcolor\":\"#E5ECF6\",\"showlakes\":true,\"showland\":true,\"subunitcolor\":\"white\"},\"hoverlabel\":{\"align\":\"left\"},\"hovermode\":\"closest\",\"mapbox\":{\"style\":\"light\"},\"paper_bgcolor\":\"white\",\"plot_bgcolor\":\"#E5ECF6\",\"polar\":{\"angularaxis\":{\"gridcolor\":\"white\",\"linecolor\":\"white\",\"ticks\":\"\"},\"bgcolor\":\"#E5ECF6\",\"radialaxis\":{\"gridcolor\":\"white\",\"linecolor\":\"white\",\"ticks\":\"\"}},\"scene\":{\"xaxis\":{\"backgroundcolor\":\"#E5ECF6\",\"gridcolor\":\"white\",\"gridwidth\":2,\"linecolor\":\"white\",\"showbackground\":true,\"ticks\":\"\",\"zerolinecolor\":\"white\"},\"yaxis\":{\"backgroundcolor\":\"#E5ECF6\",\"gridcolor\":\"white\",\"gridwidth\":2,\"linecolor\":\"white\",\"showbackground\":true,\"ticks\":\"\",\"zerolinecolor\":\"white\"},\"zaxis\":{\"backgroundcolor\":\"#E5ECF6\",\"gridcolor\":\"white\",\"gridwidth\":2,\"linecolor\":\"white\",\"showbackground\":true,\"ticks\":\"\",\"zerolinecolor\":\"white\"}},\"shapedefaults\":{\"line\":{\"color\":\"#2a3f5f\"}},\"ternary\":{\"aaxis\":{\"gridcolor\":\"white\",\"linecolor\":\"white\",\"ticks\":\"\"},\"baxis\":{\"gridcolor\":\"white\",\"linecolor\":\"white\",\"ticks\":\"\"},\"bgcolor\":\"#E5ECF6\",\"caxis\":{\"gridcolor\":\"white\",\"linecolor\":\"white\",\"ticks\":\"\"}},\"title\":{\"x\":0.05},\"xaxis\":{\"automargin\":true,\"gridcolor\":\"white\",\"linecolor\":\"white\",\"ticks\":\"\",\"title\":{\"standoff\":15},\"zerolinecolor\":\"white\",\"zerolinewidth\":2},\"yaxis\":{\"automargin\":true,\"gridcolor\":\"white\",\"linecolor\":\"white\",\"ticks\":\"\",\"title\":{\"standoff\":15},\"zerolinecolor\":\"white\",\"zerolinewidth\":2}}},\"xaxis\":{\"anchor\":\"y\",\"domain\":[0.0,1.0],\"scaleanchor\":\"y\",\"constrain\":\"domain\"},\"yaxis\":{\"anchor\":\"x\",\"domain\":[0.0,1.0],\"autorange\":\"reversed\",\"constrain\":\"domain\"},\"coloraxis\":{\"colorscale\":[[0.0,\"#0d0887\"],[0.1111111111111111,\"#46039f\"],[0.2222222222222222,\"#7201a8\"],[0.3333333333333333,\"#9c179e\"],[0.4444444444444444,\"#bd3786\"],[0.5555555555555556,\"#d8576b\"],[0.6666666666666666,\"#ed7953\"],[0.7777777777777778,\"#fb9f3a\"],[0.8888888888888888,\"#fdca26\"],[1.0,\"#f0f921\"]]},\"title\":{\"text\":\"Matrice de Corrélation Intéractive\"}},                        {\"responsive\": true}                    ).then(function(){\n",
       "                            \n",
       "var gd = document.getElementById('acadc42c-f2ed-4d50-bf5e-3dabf3131586');\n",
       "var x = new MutationObserver(function (mutations, observer) {{\n",
       "        var display = window.getComputedStyle(gd).display;\n",
       "        if (!display || display === 'none') {{\n",
       "            console.log([gd, 'removed!']);\n",
       "            Plotly.purge(gd);\n",
       "            observer.disconnect();\n",
       "        }}\n",
       "}});\n",
       "\n",
       "// Listen for the removal of the full notebook cells\n",
       "var notebookContainer = gd.closest('#notebook-container');\n",
       "if (notebookContainer) {{\n",
       "    x.observe(notebookContainer, {childList: true});\n",
       "}}\n",
       "\n",
       "// Listen for the clearing of the current output cell\n",
       "var outputEl = gd.closest('.output');\n",
       "if (outputEl) {{\n",
       "    x.observe(outputEl, {childList: true});\n",
       "}}\n",
       "\n",
       "                        })                };                });            </script>        </div>"
      ]
     },
     "metadata": {},
     "output_type": "display_data"
    }
   ],
   "source": [
    "#Calculer la matrice de corrélation pour vérifier quelles sont les variable qui sont corrélés\n",
    "# Remplacer les ... par ton code. Ne pas oublier d'enlever # au début de la ligne\n",
    "\n",
    "#À FAIRE\n",
    "#corrMatrix = ... "
   ]
  },
  {
   "cell_type": "code",
   "execution_count": 15,
   "metadata": {},
   "outputs": [],
   "source": [
    "# Afficher la matrice utilisant la fonction imshow du module express de plotly\n",
    "# Remplacer les ... par ton code. Ne pas oublier d'enlever # au début de la ligne\n",
    "\n",
    "\n",
    "#À FAIRE\n",
    "# fig=...\n",
    "\n",
    "# enlever # au début de la ligne\n",
    "#À FAIRE\n",
    "#fig.show()"
   ]
  },
  {
   "cell_type": "code",
   "execution_count": 13,
   "metadata": {
    "execution": {
     "iopub.execute_input": "2022-02-26T16:08:32.112687Z",
     "iopub.status.busy": "2022-02-26T16:08:32.112393Z",
     "iopub.status.idle": "2022-02-26T16:08:32.120719Z",
     "shell.execute_reply": "2022-02-26T16:08:32.119983Z",
     "shell.execute_reply.started": "2022-02-26T16:08:32.112650Z"
    }
   },
   "outputs": [],
   "source": [
    "# Créer un dataframe avec seulement les femmes\n",
    "# Remplacer les ... par ton code. Ne pas oublier d'enlever # au début de la ligne\n",
    "\n",
    "#À FAIRE\n",
    "#F=...\n",
    "\n",
    "# Créer un dataframe avec seulement les homme\n",
    "# Remplacer les ... par ton code. Ne pas oublier d'enlever # au début de la ligne\n",
    "\n",
    "#À FAIRE\n",
    "#M=..."
   ]
  },
  {
   "cell_type": "code",
   "execution_count": 16,
   "metadata": {
    "execution": {
     "iopub.execute_input": "2022-02-26T16:08:32.122559Z",
     "iopub.status.busy": "2022-02-26T16:08:32.122199Z",
     "iopub.status.idle": "2022-02-26T16:08:32.130645Z",
     "shell.execute_reply": "2022-02-26T16:08:32.129539Z",
     "shell.execute_reply.started": "2022-02-26T16:08:32.122523Z"
    }
   },
   "outputs": [],
   "source": [
    "# Calculer et afficher les revenus moyens des femmes et des hommes\n",
    "\n",
    "#À FAIRE\n",
    "# deux lignes de code  "
   ]
  },
  {
   "cell_type": "code",
   "execution_count": 17,
   "metadata": {
    "execution": {
     "iopub.execute_input": "2022-02-26T16:08:32.132502Z",
     "iopub.status.busy": "2022-02-26T16:08:32.132230Z",
     "iopub.status.idle": "2022-02-26T16:08:32.139196Z",
     "shell.execute_reply": "2022-02-26T16:08:32.138347Z",
     "shell.execute_reply.started": "2022-02-26T16:08:32.132469Z"
    }
   },
   "outputs": [],
   "source": [
    "# Calculer et afficher le Niveau d'étude moyen des femmes et des hommes\n",
    "\n",
    "#À FAIRE\n",
    "# deux lignes de code  "
   ]
  },
  {
   "cell_type": "markdown",
   "metadata": {},
   "source": [
    "Vérifions cet équilibre"
   ]
  },
  {
   "cell_type": "code",
   "execution_count": 18,
   "metadata": {
    "execution": {
     "iopub.execute_input": "2022-02-26T16:08:32.141260Z",
     "iopub.status.busy": "2022-02-26T16:08:32.140388Z",
     "iopub.status.idle": "2022-02-26T16:08:32.149380Z",
     "shell.execute_reply": "2022-02-26T16:08:32.148595Z",
     "shell.execute_reply.started": "2022-02-26T16:08:32.141224Z"
    }
   },
   "outputs": [],
   "source": [
    "\n",
    "# Calculer et afficher les ratio Revenue F/M et le Ratio Niveau d'étude F/M\n",
    "#À FAIRE"
   ]
  },
  {
   "cell_type": "code",
   "execution_count": 19,
   "metadata": {
    "execution": {
     "iopub.execute_input": "2022-02-26T16:08:32.173254Z",
     "iopub.status.busy": "2022-02-26T16:08:32.173028Z",
     "iopub.status.idle": "2022-02-26T16:08:32.278018Z",
     "shell.execute_reply": "2022-02-26T16:08:32.277348Z",
     "shell.execute_reply.started": "2022-02-26T16:08:32.173203Z"
    }
   },
   "outputs": [
    {
     "data": {
      "text/html": [
